76403                      
89114                      
101788                      
114623                      
127530                      
140403                      
152826                      
165753                      
178475                      
191298                      
204028                      
76366                      
89105                      
101777                      
114697                      
127692                      
140565                      
153127                      
165881                      
178488                      
191343                      
204123                      
76346                      
89088                      
101755                      
114666                      
127653                      
140543                      
153071                      
165813                      
178022                      
188728                      
198154                      
76366                      
89110                      
101784                      
114685                      
127684                      
140577                      
153137                      
165893                      
178477                      
191332                      
204117                      
76413                      
89182                      
101865                      
114789                      
127803                      
140691                      
153260                      
166031                      
178617                      
191496                      
204301                      
76371                      
89108                      
101774                      
114692                      
127693                      
140577                      
153130                      
165896                      
178493                      
191346                      
204094                      
76349                      
89094                      
101759                      
114681                      
127670                      
140557                      
153111                      
165851                      
178439                      
191289                      
204076                      
