0.163308
0.163308
0.163308
0.163308
0.163308
0.163308
0.163308
0.163308
0.163308
0.163308
0.163308
0.163308
0.163308
0.163308
0.163308
0.163308
0.163308
0.163308
0.163308
0.163308
0.163308
0.163308
0.163308
0.163308
0.163308
0.163308
0.163308
0.163308
0.163308
0.163308
0.163308
0.163308
0.163308
0.163308
0.163308
0.163308
0.163308
0.163308
0.163308
0.163308
0.163308
0.163308
0.163308
0.163308
0.163308
0.163308
0.163308
0.163308
0.163308
0.163308
0.163308
0.163308
0.163308
0.163308
0.163308
0.163308
0.163308
0.163308
0.163308
0.163308
0.163308
0.163308
0.163308
0.163308
0.163308
0.163308
0.163308
0.163308
0.163308
0.163308
0.163308
0.163308
0.163308
0.163308
0.163308
0.163308
0.163308
