5.94249e-06
5.94249e-06
5.94249e-06
5.94249e-06
5.94249e-06
5.94249e-06
5.94249e-06
5.94249e-06
5.94249e-06
5.94249e-06
5.94249e-06
5.94249e-06
5.94249e-06
5.94249e-06
5.94249e-06
5.94249e-06
5.94249e-06
5.94249e-06
5.94249e-06
5.94249e-06
5.94249e-06
5.94249e-06
5.94249e-06
5.94249e-06
5.94249e-06
5.94249e-06
5.94249e-06
5.94249e-06
5.94249e-06
5.94249e-06
5.94249e-06
5.94249e-06
5.94249e-06
5.94249e-06
5.94249e-06
5.94249e-06
5.94249e-06
5.94249e-06
5.94249e-06
5.94249e-06
5.94249e-06
5.94249e-06
5.94249e-06
5.94249e-06
5.94249e-06
5.94249e-06
5.94249e-06
5.94249e-06
5.94249e-06
5.94249e-06
5.94249e-06
5.94249e-06
5.94249e-06
5.94249e-06
5.94249e-06
5.94249e-06
5.94249e-06
5.94249e-06
5.94249e-06
5.94249e-06
5.94249e-06
5.94249e-06
5.94249e-06
5.94249e-06
5.94249e-06
5.94249e-06
5.94249e-06
5.94249e-06
5.94249e-06
5.94249e-06
5.94249e-06
5.94249e-06
5.94249e-06
5.94249e-06
5.94249e-06
5.94249e-06
5.94249e-06
