2.28146e-06
2.28146e-06
2.28146e-06
2.28146e-06
2.28146e-06
2.28146e-06
2.28146e-06
2.28146e-06
2.28146e-06
2.28146e-06
2.28146e-06
2.28146e-06
2.28146e-06
2.28146e-06
2.28146e-06
2.28146e-06
2.28146e-06
2.28146e-06
2.28146e-06
2.28146e-06
2.28146e-06
2.28146e-06
2.28146e-06
2.28146e-06
2.28146e-06
2.28146e-06
2.28146e-06
2.28146e-06
2.28146e-06
2.28146e-06
2.28146e-06
2.28146e-06
2.28146e-06
2.28146e-06
2.28146e-06
2.28146e-06
2.28146e-06
2.28146e-06
2.28146e-06
2.28146e-06
2.28146e-06
2.28146e-06
2.28146e-06
2.28146e-06
2.28146e-06
2.28146e-06
2.28146e-06
2.28146e-06
2.28146e-06
2.28146e-06
2.28146e-06
2.28146e-06
2.28146e-06
2.28146e-06
2.28146e-06
2.28146e-06
2.28146e-06
2.28146e-06
2.28146e-06
2.28146e-06
2.28146e-06
2.28146e-06
2.28146e-06
2.28146e-06
2.28146e-06
2.28146e-06
2.28146e-06
2.28146e-06
2.28146e-06
2.28146e-06
2.28146e-06
2.28146e-06
2.28146e-06
2.28146e-06
2.28146e-06
2.28146e-06
2.28146e-06
