10.5166
10.5166
10.5166
10.5166
10.5166
10.5166
10.5166
10.5166
10.5166
10.5166
10.5166
10.5166
10.5166
10.5166
10.5166
10.5166
10.5166
10.5166
10.5166
10.5166
10.5166
10.5166
10.5166
10.5166
10.5166
10.5166
10.5166
10.5166
10.5166
10.5166
10.5166
10.5166
10.5166
10.5166
10.5166
10.5166
10.5166
10.5166
10.5166
10.5166
10.5166
10.5166
10.5166
10.5166
10.5166
10.5166
10.5166
10.5166
10.5166
10.5166
10.5166
10.5166
10.5166
10.5166
10.5166
10.5166
10.5166
10.5166
10.5166
10.5166
10.5166
10.5166
10.5166
10.5166
10.5166
10.5166
10.5166
10.5166
10.5166
10.5166
10.5166
10.5166
10.5166
10.5166
10.5166
10.5166
10.5166
