14703.552217                      
14677.766681                      
15347.366538                      
14747.332691                      
14817.868142                      
14860.460284                      
14975.826727                      
15018.517791                      
15031.359915                      
15151.710324                      
15227.354703                      
12151.854228                      
12187.267830                      
13127.344787                      
12245.413993                      
12311.333339                      
12376.809041                      
12467.669761                      
12544.577377                      
12652.913836                      
12782.299090                      
12933.710666                      
14779.765803                      
14894.031744                      
33753.431674                      
15015.561889                      
15234.201943                      
15478.931165                      
15932.348107                      
16405.148591                      
18139.446244                      
22400.447697                      
30115.412128                      
12063.516486                      
12121.591292                      
13641.928404                      
12169.314431                      
12282.940228                      
12362.187118                      
12466.833123                      
12559.436975                      
12738.952216                      
12952.131087                      
13213.795915                      
 4489.209951                      
 4461.006705                      
 4495.905551                      
 4477.538900                      
 4444.790006                      
 4484.687370                      
 4478.822384                      
 4495.152029                      
 4486.511555                      
 4509.232044                      
 4488.357459                      
12039.452148                      
12129.314989                      
13724.511745                      
12210.879006                      
12272.817633                      
12354.353802                      
12459.755152                      
12584.222556                      
12742.380769                      
12963.421535                      
13338.034242                      
14121.586399                      
14181.701349                      
15254.020561                      
14215.813835                      
14297.717146                      
14379.157202                      
14426.083368                      
14513.033028                      
14661.608914                      
14804.258038                      
14966.764947                      