102312                      
153344                      
204020                      
255668                      
306306                      
356178                      
390057                      
422714                      
451587                      
102312                      
153336                      
204016                      
255658                      
306287                      
354629                      
386742                      
416595                      
447791                      
102322                      
153362                      
204057                      
255710                      
306395                      
354453                      
381043                      
415321                      
455102                      
102318                      
153351                      
204040                      
255696                      
306376                      
357175                      
384534                      
420432                      
453867                      
102310                      
153336                      
204018                      
255664                      
306297                      
355716                      
389684                      
421421                      
449965                      
102321                      
153346                      
204037                      
255688                      
306337                      
357308                      
397185                      
428010                      
460356                      
102318                      
153351                      
204046                      
255698                      
306365                      
357304                      
392453                      
424979                      
457611                      
102314                      
153347                      
204020                      
255666                      
306310                      
356119                      
392481                      
423278                      
453414                      
102312                      
153344                      
204015                      
255671                      
306300                      
355519                      
388766                      
420253                      
450197                      
102316                      
153338                      
204018                      
255669                      
306306                      
356493                      
393560                      
424448                      
455284                      
