15.775
15.775
15.775
15.775
15.775
15.775
15.775
15.775
15.775
15.775
15.775
15.775
15.775
15.775
15.775
15.775
15.775
15.775
15.775
15.775
15.775
15.775
15.775
15.775
15.775
15.775
15.775
15.775
15.775
15.775
15.775
15.775
15.775
15.775
15.775
15.775
15.775
15.775
15.775
15.775
15.775
15.775
15.775
15.775
15.775
15.775
15.775
15.775
15.775
15.775
15.775
15.775
15.775
15.775
15.775
15.775
15.775
15.775
15.775
15.775
15.775
15.775
15.775
15.775
15.775
15.775
15.775
15.775
15.775
15.775
15.775
15.775
15.775
15.775
15.775
15.775
15.775
15.775
15.775
15.775
15.775
15.775
15.775
15.775
15.775
15.775
15.775
15.775
15.775
15.775
