16063.149973                      
16333.299640                      
16747.007646                      
17341.587528                      
18426.158809                      
25850.051098                      
46442.535322                      
51463.807681                      
54082.781391                      
16227.993784                      
16547.933949                      
17012.545585                      
17722.271550                      
19163.619416                      
31681.116040                      
49055.006956                      
52599.240269                      
53028.526701                      
14715.510838                      
14828.950457                      
15001.423622                      
15214.539908                      
15568.057573                      
17772.947330                      
27646.954543                      
24864.697427                      
25597.192498                      
15280.068023                      
15445.210661                      
15688.553715                      
16014.972858                      
16565.555070                      
19251.105201                      
28655.089017                      
30616.766802                      
36854.806584                      
16155.395367                      
16457.981166                      
16891.313512                      
17532.687434                      
18760.699582                      
28054.997526                      
46354.410240                      
51278.252626                      
53641.184314                      
15699.504501                      
15907.949995                      
16218.203071                      
16637.296236                      
17331.794723                      
19523.008161                      
35814.664451                      
39495.915983                      
43986.894925                      
15332.434176                      
15474.930062                      
15698.989444                      
15980.320534                      
16423.950190                      
18203.307268                      
35094.401113                      
41715.381231                      
38244.066467                      
16037.976230                      
16316.276158                      
16724.139790                      
17345.088905                      
18519.640234                      
26623.701628                      
44723.519100                      
49471.785682                      
50039.293008                      
16147.524240                      
16441.797527                      
16879.128986                      
17551.415687                      
18817.748939                      
28891.604949                      
46946.535963                      
50068.721699                      
51290.913756                      
16025.944134                      
16295.308404                      
16689.005382                      
17242.409131                      
18264.002338                      
23987.880547                      
40705.550615                      
49571.429245                      
53686.974504                      
