135751                      
155496                      
174898                      
192064                      
211189                      
229619                      
243955                      
262019                      
275076                      
289774                      
304315                      
140880                      
164000                      
187264                      
211133                      
234591                      
258092                      
281130                      
304327                      
327943                      
351426                      
374880                      
143508                      
167144                      
190607                      
212461                      
233025                      
248086                      
261367                      
275012                      
287947                      
299763                      
311090                      
144552                      
168461                      
192284                      
216708                      
240838                      
264936                      
288678                      
312542                      
336413                      
360899                      
384712                      
140262                      
163304                      
186468                      
210026                      
233595                      
256888                      
279990                      
303332                      
326470                      
349847                      
373208                      
141236                      
164434                      
187867                      
211536                      
235119                      
258820                      
281830                      
305360                      
325059                      
343645                      
362716                      
139014                      
161896                      
184775                      
208172                      
229303                      
250025                      
268672                      
285800                      
302133                      
316863                      
330300                      
