15927.993164                      
15971.143952                      
16063.271164                      
16116.432543                      
16167.778625                      
16275.541223                      
16327.279621                      
16404.352356                      
16489.553796                      
16567.488802                      
16655.933819                      
14089.494605                      
14182.253049                      
14245.623825                      
14299.571834                      
14411.388331                      
14472.441997                      
14569.892932                      
14686.455687                      
14824.403936                      
14972.364025                      
15121.717616                      
16427.362934                      
16959.379338                      
21574.186677                      
30499.644641                      
38123.634803                      
50625.281153                      
51619.577070                      
53195.836909                      
58777.912255                      
69303.663227                      
73655.689672                      
3176.597349                      
3203.183526                      
3216.856317                      
3246.262252                      
3260.145824                      
3293.644503                      
3307.451555                      
3342.720338                      
3372.968643                      
3406.433656                      
3450.664393                      
14151.527142                      
14196.581223                      
14261.374606                      
14316.948854                      
14417.008070                      
14503.158964                      
14609.203900                      
14732.268603                      
14869.188593                      
14994.160304                      
15150.669332                      
14732.851398                      
14825.650413                      
14924.348076                      
15087.008831                      
15250.902734                      
15427.864925                      
15742.227584                      
16231.846018                      
24104.577938                      
26013.649260                      
27938.699975                      
16039.280216                      
16276.171122                      
16755.391693                      
21210.181965                      
27469.278640                      
29138.280172                      
34669.094658                      
38173.950315                      
40683.938861                      
48741.028457                      
52013.828338                      
