16343.665223                      
16524.631245                      
46393.201714                      
16773.185795                      
17050.153841                      
17412.548793                      
17926.161335                      
18655.169374                      
20431.384958                      
29134.161317                      
38727.091212                      
14369.411864                      
14511.175464                      
36192.192549                      
14677.839951                      
14841.160557                      
15109.585237                      
15405.045371                      
15861.994045                      
17117.276170                      
21450.987109                      
28721.239302                      
30424.143215                      
50457.631305                      
69068.264379                      
55481.064634                      
55754.011051                      
53123.331620                      
50589.794167                      
51384.494291                      
55238.398385                      
58222.608434                      
60339.123787                      
 3375.121294                      
 3382.308427                      
 3476.925900                      
 3395.905723                      
 3401.834747                      
 3413.454663                      
 3421.704980                      
 3432.663836                      
 3445.328122                      
 3457.790437                      
 3467.297805                      
14391.649879                      
14519.713302                      
37026.009504                      
14663.241260                      
14820.803340                      
15089.225365                      
15398.886676                      
15877.729600                      
16959.759838                      
19322.805238                      
28823.078472                      
15250.841081                      
15639.496390                      
39864.775545                      
16830.509430                      
24547.324131                      
28166.007228                      
28166.090945                      
30112.058841                      
31765.936281                      
32579.451264                      
36432.969149                      
18519.025567                      
26263.139776                      
50253.711085                      
34034.056952                      
38315.453808                      
41230.102780                      
41364.603073                      
40260.456629                      
39140.397653                      
42328.209217                      
47093.330371                      
