9.46633e-06
9.46633e-06
9.46633e-06
9.46633e-06
9.46633e-06
9.46633e-06
9.46633e-06
9.46633e-06
9.46633e-06
9.46633e-06
9.46633e-06
9.46633e-06
9.46633e-06
9.46633e-06
9.46633e-06
9.46633e-06
9.46633e-06
9.46633e-06
9.46633e-06
9.46633e-06
9.46633e-06
9.46633e-06
9.46633e-06
9.46633e-06
9.46633e-06
9.46633e-06
9.46633e-06
9.46633e-06
9.46633e-06
9.46633e-06
9.46633e-06
9.46633e-06
9.46633e-06
9.46633e-06
9.46633e-06
9.46633e-06
9.46633e-06
9.46633e-06
9.46633e-06
9.46633e-06
9.46633e-06
9.46633e-06
9.46633e-06
9.46633e-06
9.46633e-06
9.46633e-06
9.46633e-06
9.46633e-06
9.46633e-06
9.46633e-06
9.46633e-06
9.46633e-06
9.46633e-06
9.46633e-06
9.46633e-06
9.46633e-06
9.46633e-06
9.46633e-06
9.46633e-06
9.46633e-06
9.46633e-06
9.46633e-06
9.46633e-06
9.46633e-06
9.46633e-06
9.46633e-06
9.46633e-06
9.46633e-06
9.46633e-06
9.46633e-06
9.46633e-06
9.46633e-06
9.46633e-06
9.46633e-06
9.46633e-06
9.46633e-06
9.46633e-06
