153344                      
178777                      
204015                      
229783                      
255674                      
281228                      
306304                      
331815                      
355039                      
373372                      
389407                      
153383                      
178874                      
204088                      
229924                      
255664                      
281129                      
306302                      
331636                      
356141                      
376599                      
391818                      
150738                      
170043                      
186186                      
202877                      
219899                      
236502                      
252507                      
266019                      
279639                      
292349                      
302808                      
153553                      
179057                      
204334                      
230168                      
255941                      
281493                      
306648                      
332072                      
357573                      
383170                      
408770                      
153387                      
178864                      
204112                      
229915                      
255656                      
281140                      
306272                      
331609                      
356918                      
377382                      
390588                      
153374                      
178829                      
204091                      
226618                      
247938                      
268359                      
290343                      
311616                      
332619                      
351562                      
369763                      
153320                      
177191                      
198447                      
218341                      
237596                      
255412                      
272650                      
289549                      
306687                      
321787                      
336694                      
