135961                      
153596                      
276192                      
168178                      
182385                      
199555                      
212674                      
224408                      
237986                      
252785                      
261477                      
146006                      
170192                      
388589                      
194305                      
219092                      
243376                      
267724                      
291681                      
315952                      
339842                      
364127                      
145850                      
169760                      
332527                      
193997                      
217868                      
240916                      
261157                      
277096                      
290778                      
305171                      
319221                      
151179                      
176191                      
402365                      
201117                      
226537                      
251934                      
277070                      
301987                      
326906                      
351839                      
377262                      
146692                      
170858                      
390157                      
195189                      
219695                      
244330                      
268651                      
292926                      
317028                      
341252                      
365837                      
146908                      
171124                      
379201                      
195607                      
220078                      
244743                      
269064                      
293424                      
317806                      
338362                      
357363                      
144839                      
168793                      
353112                      
192670                      
217062                      
241280                      
263860                      
283928                      
303055                      
320984                      
337627                      
