15343.230779                      
15348.306597                      
15645.210578                      
15398.539048                      
15403.333607                      
15403.926236                      
15466.761334                      
15494.164647                      
15503.277504                      
15571.224558                      
15595.486410                      
13583.530814                      
13652.101744                      
14385.893579                      
13709.649777                      
13739.050262                      
13838.957005                      
13882.418087                      
13952.406910                      
14046.698549                      
14160.893886                      
14267.762347                      
15771.954062                      
16100.771678                      
54135.828068                      
16807.504755                      
22247.622414                      
28051.163061                      
37413.892792                      
48254.234994                      
50174.464712                      
49533.948180                      
53913.766638                      
 2936.724016                      
 2943.254763                      
 3038.783194                      
 2949.989310                      
 2959.695326                      
 2968.027340                      
 2976.514960                      
 2984.348664                      
 2996.402636                      
 3015.517040                      
 3029.427825                      
13573.248712                      
13614.554191                      
14339.809359                      
13664.286922                      
13698.741437                      
13779.116359                      
13850.789686                      
13941.836846                      
14024.176098                      
14117.770738                      
14212.329535                      
14221.257522                      
14298.409341                      
26964.593975                      
14385.016896                      
14530.839066                      
14662.723755                      
14826.312699                      
15130.931689                      
15888.046481                      
23004.465631                      
24508.789382                      
15346.857545                      
15514.657006                      
42361.583577                      
15754.668604                      
16223.698759                      
17824.680869                      
27045.863337                      
32458.139035                      
34326.948904                      
38032.772662                      
40817.486457                      
