14520.665824                      
14486.285759                      
14514.084888                      
14488.952114                      
14478.338968                      
14501.440965                      
14515.746965                      
14526.863870                      
14548.580799                      
14566.904369                      
14563.430521                      
13135.095263                      
13206.172888                      
13263.810280                      
13284.980185                      
13380.066520                      
13418.846305                      
13502.856309                      
13585.511612                      
13687.370706                      
13773.664484                      
13863.223536                      
14785.872272                      
14900.070521                      
15016.970005                      
15184.244282                      
15357.224311                      
15702.578059                      
16104.234013                      
17345.726593                      
21904.501186                      
38255.449340                      
44957.375982                      
2936.724016                      
2943.254763                      
2949.989310                      
2959.695326                      
2968.027340                      
2976.514960                      
2984.348664                      
2996.402636                      
3015.517040                      
3029.427825                      
3038.783194                      
13158.773966                      
13209.005474                      
13269.639109                      
13299.877604                      
13381.518417                      
13442.789600                      
13536.765448                      
13611.035711                      
13706.195889                      
13789.937174                      
13902.056467                      
13692.432501                      
13750.844735                      
13828.931341                      
13958.240069                      
14058.619686                      
14160.621130                      
14364.439617                      
14674.990872                      
15488.545960                      
20552.633561                      
25022.202664                      
14546.176575                      
14609.968621                      
14638.585227                      
14748.273148                      
14801.037897                      
14843.320248                      
14956.057133                      
15079.737694                      
15331.240702                      
16638.434011                      
18158.855133                      
