9.58721e-06
9.58721e-06
9.58721e-06
9.58721e-06
9.58721e-06
9.58721e-06
9.58721e-06
9.58721e-06
9.58721e-06
9.58721e-06
9.58721e-06
9.58721e-06
9.58721e-06
9.58721e-06
9.58721e-06
9.58721e-06
9.58721e-06
9.58721e-06
9.58721e-06
9.58721e-06
9.58721e-06
9.58721e-06
9.58721e-06
9.58721e-06
9.58721e-06
9.58721e-06
9.58721e-06
9.58721e-06
9.58721e-06
9.58721e-06
9.58721e-06
9.58721e-06
9.58721e-06
9.58721e-06
9.58721e-06
9.58721e-06
9.58721e-06
9.58721e-06
9.58721e-06
9.58721e-06
9.58721e-06
9.58721e-06
9.58721e-06
9.58721e-06
9.58721e-06
9.58721e-06
9.58721e-06
9.58721e-06
9.58721e-06
9.58721e-06
9.58721e-06
9.58721e-06
9.58721e-06
9.58721e-06
9.58721e-06
9.58721e-06
9.58721e-06
9.58721e-06
9.58721e-06
9.58721e-06
9.58721e-06
9.58721e-06
9.58721e-06
9.58721e-06
9.58721e-06
9.58721e-06
9.58721e-06
9.58721e-06
9.58721e-06
9.58721e-06
9.58721e-06
9.58721e-06
9.58721e-06
9.58721e-06
9.58721e-06
9.58721e-06
9.58721e-06
