104472                      
116266                      
232128                      
129394                      
141294                      
155879                      
167596                      
180892                      
193066                      
206419                      
217639                      
131163                      
152862                      
346942                      
173856                      
196061                      
217679                      
238954                      
260476                      
281874                      
303089                      
324706                      
136540                      
158817                      
351926                      
181261                      
204256                      
227122                      
249684                      
271917                      
294367                      
316250                      
336004                      
151179                      
176191                      
402365                      
201117                      
226537                      
251934                      
277070                      
301987                      
326906                      
351839                      
377262                      
130078                      
150886                      
342432                      
171991                      
193634                      
214987                      
236041                      
257606                      
278514                      
299618                      
320566                      
134668                      
156854                      
351084                      
178972                      
201042                      
223355                      
245939                      
267888                      
290318                      
311986                      
331870                      
132329                      
154244                      
350294                      
176000                      
198193                      
220253                      
242000                      
263524                      
285392                      
307189                      
328904                      
