13039.338444                      
13108.543780                      
13509.100585                      
13184.372111                      
13202.571618                      
13234.566868                      
13292.395769                      
13343.342503                      
13393.523585                      
13451.951371                      
13491.474764                      
11173.779669                      
11222.196518                      
11451.052480                      
11246.850026                      
11232.894873                      
11293.535725                      
11297.167845                      
11328.802746                      
11365.092186                      
11396.659147                      
11433.130021                      
12665.453565                      
12754.514219                      
18191.914854                      
12861.103367                      
12999.433873                      
13092.864026                      
13277.583329                      
13466.195108                      
13805.836953                      
14821.948624                      
17534.088049                      
 2936.724016                      
 2943.254763                      
 3038.783194                      
 2949.989310                      
 2959.695326                      
 2968.027340                      
 2976.514960                      
 2984.348664                      
 2996.402636                      
 3015.517040                      
 3029.427825                      
11104.342887                      
11132.788458                      
11387.712890                      
11139.860319                      
11161.941787                      
11194.076018                      
11229.081551                      
11266.410185                      
11300.919264                      
11312.216134                      
11340.928741                      
11618.445101                      
11645.419955                      
12108.030030                      
11676.926632                      
11738.772861                      
11766.534090                      
11802.519123                      
11850.919409                      
11927.466431                      
11956.942417                      
12030.244533                      
12595.807817                      
12655.024982                      
15158.340332                      
12718.902331                      
12813.213025                      
12885.910556                      
12952.817054                      
13101.348165                      
13261.177600                      
13534.408119                      
13974.471376                      
