3.66397e-06
3.66397e-06
3.66397e-06
3.66397e-06
3.66397e-06
3.66397e-06
3.66397e-06
3.66397e-06
3.66397e-06
3.66397e-06
3.66397e-06
3.66397e-06
3.66397e-06
3.66397e-06
3.66397e-06
3.66397e-06
3.66397e-06
3.66397e-06
3.66397e-06
3.66397e-06
3.66397e-06
3.66397e-06
3.66397e-06
3.66397e-06
3.66397e-06
3.66397e-06
3.66397e-06
3.66397e-06
3.66397e-06
3.66397e-06
3.66397e-06
3.66397e-06
3.66397e-06
3.66397e-06
3.66397e-06
3.66397e-06
3.66397e-06
3.66397e-06
3.66397e-06
3.66397e-06
3.66397e-06
3.66397e-06
3.66397e-06
3.66397e-06
3.66397e-06
3.66397e-06
3.66397e-06
3.66397e-06
3.66397e-06
3.66397e-06
3.66397e-06
3.66397e-06
3.66397e-06
3.66397e-06
3.66397e-06
3.66397e-06
3.66397e-06
3.66397e-06
3.66397e-06
3.66397e-06
3.66397e-06
3.66397e-06
3.66397e-06
3.66397e-06
3.66397e-06
3.66397e-06
3.66397e-06
3.66397e-06
3.66397e-06
3.66397e-06
3.66397e-06
3.66397e-06
3.66397e-06
3.66397e-06
3.66397e-06
3.66397e-06
3.66397e-06
