86493                      
98481                      
111397                      
123502                      
137464                      
149956                      
162501                      
175452                      
188611                      
200405                      
213283                      
104316                      
121037                      
137144                      
154252                      
170429                      
187066                      
203616                      
220369                      
236257                      
253305                      
270504                      
118704                      
137953                      
157826                      
177522                      
197170                      
216852                      
236238                      
255767                      
275384                      
294062                      
313204                      
151179                      
176191                      
201117                      
226537                      
251934                      
277070                      
301987                      
326906                      
351839                      
377262                      
402365                      
104746                      
120884                      
136740                      
154466                      
170696                      
187490                      
203913                      
220285                      
236687                      
253289                      
270503                      
109975                      
127204                      
144981                      
164089                      
180022                      
198323                      
215682                      
231610                      
250734                      
269371                      
285578                      
111040                      
129692                      
147294                      
166018                      
184294                      
202552                      
220522                      
238468                      
256175                      
274770                      
292926                      
