153337                      
178773                      
204013                      
229775                      
255656                      
281215                      
306279                      
331596                      
353201                      
370137                      
385923                      
153382                      
178870                      
204084                      
229917                      
255653                      
281124                      
306292                      
331658                      
356297                      
377315                      
389996                      
150738                      
170043                      
186186                      
202877                      
219899                      
236502                      
252507                      
266019                      
279639                      
292349                      
302808                      
153553                      
179057                      
204334                      
230168                      
255941                      
281493                      
306648                      
332072                      
357573                      
383170                      
408770                      
153384                      
178860                      
204108                      
229911                      
255649                      
281138                      
306263                      
331622                      
356926                      
377078                      
388516                      
153370                      
178824                      
204060                      
225995                      
247330                      
267124                      
288724                      
308523                      
330095                      
349135                      
366673                      
152728                      
175424                      
195575                      
215032                      
233743                      
250939                      
267314                      
282950                      
297952                      
310368                      
323716                      
