16571.352642                      
16778.744553                      
17062.461706                      
17379.588728                      
17796.730763                      
18401.454403                      
19292.658001                      
21941.508643                      
33458.348079                      
43712.963038                      
49301.444848                      
14550.494843                      
14703.740146                      
14885.194332                      
15064.020929                      
15342.824062                      
15672.648013                      
16161.510911                      
17473.024923                      
21272.808921                      
29341.130090                      
39487.319101                      
30424.143215                      
50457.631305                      
55481.064634                      
55754.011051                      
53123.331620                      
50589.794167                      
51384.494291                      
55238.398385                      
58222.608434                      
60339.123787                      
69068.264379                      
3375.121294                      
3382.308427                      
3395.905723                      
3401.834747                      
3413.454663                      
3421.704980                      
3432.663836                      
3445.328122                      
3457.790437                      
3467.297805                      
3476.925900                      
14578.782663                      
14708.755451                      
14866.526545                      
15044.101848                      
15325.688737                      
15655.743798                      
16189.464610                      
17293.474197                      
20066.108941                      
30174.127104                      
39947.532405                      
15470.965639                      
15910.929182                      
18124.887288                      
25821.212859                      
28783.524037                      
30545.795211                      
31589.904199                      
33834.038305                      
35747.180357                      
39407.080356                      
42811.277351                      
23725.967079                      
31988.029004                      
36761.311517                      
39921.909297                      
42750.510176                      
43874.923786                      
43581.058231                      
45748.750663                      
50468.849009                      
54466.673433                      
60403.483300                      
