15731.743681                      
15803.461334                      
16964.860376                      
15905.046972                      
15992.663657                      
16083.848141                      
16214.182629                      
16331.316766                      
16459.615718                      
16625.968004                      
16796.548364                      
13983.764936                      
14065.859154                      
15002.534374                      
14129.916036                      
14179.126598                      
14285.885057                      
14351.864169                      
14434.191523                      
14560.631360                      
14700.595717                      
14839.817957                      
16328.149002                      
17129.642469                      
84922.700120                      
24299.330669                      
30103.940544                      
46678.832977                      
51415.051737                      
51075.618098                      
60430.556777                      
61836.800360                      
70442.048208                      
 2936.724016                      
 2943.254763                      
 3038.783194                      
 2949.989310                      
 2959.695326                      
 2968.027340                      
 2976.514960                      
 2984.348664                      
 2996.402636                      
 3015.517040                      
 3029.427825                      
13984.866611                      
14034.741996                      
14992.816146                      
14097.416515                      
14152.144585                      
14244.039234                      
14334.957128                      
14443.023500                      
14554.020525                      
14678.070942                      
14811.561980                      
14562.857521                      
14657.109564                      
30631.813534                      
14762.646069                      
14927.329064                      
15084.785711                      
15295.100597                      
15683.662742                      
16776.996671                      
25660.602369                      
27714.406926                      
15930.866085                      
16330.989910                      
68934.798678                      
19229.088235                      
28188.150691                      
34691.881813                      
35836.495121                      
38255.237284                      
39517.947747                      
49172.538875                      
57628.833003                      
