0.262269
0.262269
0.262269
0.262269
0.262269
0.262269
0.262269
0.262269
0.262269
0.262269
0.262269
0.262269
0.262269
0.262269
0.262269
0.262269
0.262269
0.262269
0.262269
0.262269
0.262269
0.262269
0.262269
0.262269
0.262269
0.262269
0.262269
0.262269
0.262269
0.262269
0.262269
0.262269
0.262269
0.262269
0.262269
0.262269
0.262269
0.262269
0.262269
0.262269
0.262269
0.262269
0.262269
0.262269
0.262269
0.262269
0.262269
0.262269
0.262269
0.262269
0.262269
0.262269
0.262269
0.262269
0.262269
0.262269
0.262269
0.262269
0.262269
0.262269
0.262269
0.262269
0.262269
0.262269
0.262269
0.262269
0.262269
0.262269
0.262269
0.262269
0.262269
0.262269
0.262269
0.262269
0.262269
0.262269
0.262269
