150578                      
175337                      
394953                      
200120                      
225044                      
250417                      
275083                      
299271                      
323356                      
347235                      
372548                      
150138                      
174858                      
399507                      
199729                      
225028                      
250125                      
275136                      
299817                      
324601                      
349327                      
374527                      
151032                      
175957                      
320408                      
199901                      
222685                      
241829                      
256874                      
271033                      
284189                      
297421                      
309490                      
151179                      
176191                      
402365                      
201117                      
226537                      
251934                      
277070                      
301987                      
326906                      
351839                      
377262                      
150462                      
175249                      
400203                      
200156                      
225335                      
250597                      
275589                      
300387                      
325256                      
350088                      
375325                      
151040                      
175925                      
385336                      
200932                      
226239                      
251599                      
276748                      
301550                      
326531                      
344805                      
364179                      
149789                      
174531                      
340921                      
199218                      
222840                      
244291                      
263564                      
281730                      
298394                      
314277                      
328724                      
