0.450871
0.450871
0.450871
0.450871
0.450871
0.450871
0.450871
0.450871
0.450871
0.450871
0.450871
0.450871
0.450871
0.450871
0.450871
0.450871
0.450871
0.450871
0.450871
0.450871
0.450871
0.450871
0.450871
0.450871
0.450871
0.450871
0.450871
0.450871
0.450871
0.450871
0.450871
0.450871
0.450871
0.450871
0.450871
0.450871
0.450871
0.450871
0.450871
0.450871
0.450871
0.450871
0.450871
0.450871
0.450871
0.450871
0.450871
0.450871
0.450871
0.450871
0.450871
0.450871
0.450871
0.450871
0.450871
0.450871
0.450871
0.450871
0.450871
0.450871
0.450871
0.450871
0.450871
0.450871
0.450871
0.450871
0.450871
0.450871
0.450871
0.450871
0.450871
0.450871
0.450871
0.450871
0.450871
0.450871
0.450871
