26.2916
26.2916
26.2916
26.2916
26.2916
26.2916
26.2916
26.2916
26.2916
26.2916
26.2916
26.2916
26.2916
26.2916
26.2916
26.2916
26.2916
26.2916
26.2916
26.2916
26.2916
26.2916
26.2916
26.2916
26.2916
26.2916
26.2916
26.2916
26.2916
26.2916
26.2916
26.2916
26.2916
26.2916
26.2916
26.2916
26.2916
26.2916
26.2916
26.2916
26.2916
26.2916
26.2916
26.2916
26.2916
26.2916
26.2916
26.2916
26.2916
26.2916
26.2916
26.2916
26.2916
26.2916
26.2916
26.2916
26.2916
26.2916
26.2916
26.2916
26.2916
26.2916
26.2916
26.2916
26.2916
26.2916
26.2916
26.2916
26.2916
26.2916
26.2916
26.2916
26.2916
26.2916
26.2916
26.2916
26.2916
