6.2988e-06
6.2988e-06
6.2988e-06
6.2988e-06
6.2988e-06
6.2988e-06
6.2988e-06
6.2988e-06
6.2988e-06
6.2988e-06
6.2988e-06
6.2988e-06
6.2988e-06
6.2988e-06
6.2988e-06
6.2988e-06
6.2988e-06
6.2988e-06
6.2988e-06
6.2988e-06
6.2988e-06
6.2988e-06
6.2988e-06
6.2988e-06
6.2988e-06
6.2988e-06
6.2988e-06
6.2988e-06
6.2988e-06
6.2988e-06
6.2988e-06
6.2988e-06
6.2988e-06
6.2988e-06
6.2988e-06
6.2988e-06
6.2988e-06
6.2988e-06
6.2988e-06
6.2988e-06
6.2988e-06
6.2988e-06
6.2988e-06
6.2988e-06
6.2988e-06
6.2988e-06
6.2988e-06
6.2988e-06
6.2988e-06
6.2988e-06
6.2988e-06
6.2988e-06
6.2988e-06
6.2988e-06
6.2988e-06
6.2988e-06
6.2988e-06
6.2988e-06
6.2988e-06
6.2988e-06
6.2988e-06
6.2988e-06
6.2988e-06
6.2988e-06
6.2988e-06
6.2988e-06
6.2988e-06
6.2988e-06
6.2988e-06
6.2988e-06
6.2988e-06
6.2988e-06
6.2988e-06
6.2988e-06
6.2988e-06
6.2988e-06
6.2988e-06
