306787                      
357696                      
640229                      
398266                      
425856                      
457095                      
487305                      
518107                      
548141                      
578640                      
609062                      
306927                      
356433                      
663773                      
393420                      
429019                      
467963                      
502990                      
535658                      
566921                      
599024                      
631384                      
263844                      
296813                      
432829                      
327053                      
351033                      
375499                      
394079                      
397355                      
404957                      
413479                      
423294                      
307012                      
357890                      
636704                      
403175                      
431133                      
455512                      
480298                      
508124                      
540103                      
572913                      
603973                      
306925                      
357179                      
664326                      
395160                      
432687                      
465605                      
499259                      
532195                      
565623                      
598319                      
630750                      
287765                      
321619                      
544421                      
354024                      
386187                      
418907                      
445403                      
466213                      
485171                      
511386                      
532333                      
280685                      
317424                      
534725                      
351738                      
387554                      
416718                      
441581                      
463355                      
483508                      
499754                      
518100                      
