19136.567064                      
21243.843935                      
42162.427875                      
54962.042334                      
63906.089544                      
65375.048481                      
65735.499617                      
66541.144523                      
66998.279587                      
65808.243660                      
64959.931525                      
18461.806879                      
25318.752753                      
39058.329521                      
44116.928388                      
47991.163831                      
51040.216505                      
51169.499009                      
51217.169588                      
50440.065840                      
50075.081884                      
49209.087293                      
56457.677643                      
54604.082368                      
74045.775455                      
80439.841838                      
84319.209905                      
94847.179119                      
115948.504486                      
123466.800179                      
127257.333504                      
129463.192249                      
132993.056149                      
15923.174013                      
17252.327531                      
31199.236064                      
46417.814224                      
57426.490411                      
59198.630850                      
57054.647094                      
55730.454191                      
53637.649172                      
51077.062220                      
49216.556673                      
18561.993972                      
23069.367180                      
38621.053497                      
42503.105016                      
48602.697566                      
51628.330185                      
53044.976935                      
52104.544016                      
51150.522547                      
49731.908839                      
49554.295632                      
48936.715723                      
55474.373405                      
60151.608366                      
60042.333118                      
64405.786965                      
68942.724903                      
77567.192464                      
79944.637045                      
84708.305468                      
95276.801363                      
103586.023500                      
48202.159004                      
49106.504234                      
44194.649142                      
42606.132307                      
52572.297093                      
63426.295515                      
72230.746404                      
82965.410086                      
85795.515394                      
89373.730940                                        
92436.085839                      
