1.6514e-05
1.6514e-05
1.6514e-05
1.6514e-05
1.6514e-05
1.6514e-05
1.6514e-05
1.6514e-05
1.6514e-05
1.6514e-05
1.6514e-05
1.6514e-05
1.6514e-05
1.6514e-05
1.6514e-05
1.6514e-05
1.6514e-05
1.6514e-05
1.6514e-05
1.6514e-05
1.6514e-05
1.6514e-05
1.6514e-05
1.6514e-05
1.6514e-05
1.6514e-05
1.6514e-05
1.6514e-05
1.6514e-05
1.6514e-05
1.6514e-05
1.6514e-05
1.6514e-05
1.6514e-05
1.6514e-05
1.6514e-05
1.6514e-05
1.6514e-05
1.6514e-05
1.6514e-05
1.6514e-05
1.6514e-05
1.6514e-05
1.6514e-05
1.6514e-05
1.6514e-05
1.6514e-05
1.6514e-05
1.6514e-05
1.6514e-05
1.6514e-05
1.6514e-05
1.6514e-05
1.6514e-05
1.6514e-05
1.6514e-05
1.6514e-05
1.6514e-05
1.6514e-05
1.6514e-05
1.6514e-05
1.6514e-05
1.6514e-05
1.6514e-05
1.6514e-05
1.6514e-05
1.6514e-05
1.6514e-05
1.6514e-05
1.6514e-05
1.6514e-05
1.6514e-05
1.6514e-05
1.6514e-05
1.6514e-05
1.6514e-05
1.6514e-05
