15009.174132                      
15063.415453                      
15173.024523                      
15255.227914                      
15356.176651                      
15501.839758                      
15625.935862                      
15791.158307                      
16032.345421                      
16301.434757                      
16663.436971                      
13300.503915                      
13411.673626                      
13527.907341                      
13630.212433                      
13816.107485                      
13973.434977                      
14278.961972                      
14960.492283                      
17153.832363                      
22909.492970                      
26137.473135                      
15376.048146                      
15759.168554                      
16871.891675                      
21868.886261                      
33749.811079                      
36261.158455                      
37666.428231                      
38243.173985                      
37627.728243                      
37243.001272                      
36929.371471                      
 3375.121294                      
 3382.308427                      
 3395.905723                      
 3401.834747                      
 3413.454663                      
 3421.704980                      
 3432.663836                      
 3445.328122                      
 3457.790437                      
 3467.297805                      
 3476.925900                      
13326.953665                      
13412.688386                      
13516.499128                      
13616.202711                      
13798.853677                      
13973.739335                      
14310.127574                      
14813.339061                      
16049.350100                      
19478.067473                      
26915.772437                      
14005.055575                      
14197.848524                      
14465.107678                      
15418.204278                      
22913.438723                      
24367.141145                      
28237.348226                      
29293.176102                      
29061.958488                      
29059.162851                      
32143.534885                      
14789.009370                      
14909.411620                      
15037.026058                      
15348.703527                      
15824.360373                      
18868.629809                      
22691.186678                      
24019.299416                      
24315.091883                      
24090.169025                      
24626.478867                      
