153366                      
178805                      
408604                      
204052                      
229824                      
255713                      
281287                      
306402                      
331950                      
357454                      
383131                      
153399                      
178899                      
394568                      
204104                      
229955                      
255701                      
281178                      
306350                      
331720                      
356986                      
375678                      
153366                      
178845                      
372123                      
204089                      
229156                      
251428                      
271655                      
291483                      
311602                      
331532                      
352064                      
153553                      
179057                      
408770                      
204334                      
230168                      
255941                      
281493                      
306648                      
332072                      
357573                      
383170                      
153404                      
178888                      
400997                      
204132                      
229943                      
255687                      
281181                      
306332                      
331695                      
357132                      
381397                      
153395                      
178854                      
376776                      
204128                      
229902                      
252018                      
273704                      
294188                      
314908                      
334942                      
356161                      
153367                      
178864                      
390417                      
204086                      
229893                      
255657                      
280231                      
302542                      
325243                      
347889                      
368702                      
