13736.374068                      
13793.334452                      
14719.699027                      
13883.758422                      
13959.642650                      
14035.698645                      
14140.881219                      
14243.629113                      
14338.540616                      
14488.165035                      
14595.662034                      
11897.284649                      
11960.716202                      
12554.280810                      
12016.470732                      
12046.017218                      
12127.157515                      
12168.244819                      
12234.249039                      
12310.236588                      
12389.707179                      
12469.516607                      
14050.927073                      
14301.733632                      
34765.702605                      
14745.480777                      
16082.446195                      
19519.171304                      
21947.809197                      
24513.378460                      
30982.013862                      
35054.706077                      
35155.194305                      
 3375.121294                      
 3382.308427                      
 3476.925900                      
 3395.905723                      
 3401.834747                      
 3413.454663                      
 3421.704980                      
 3432.663836                      
 3445.328122                      
 3457.790437                      
 3467.297805                      
11923.206534                      
11959.588394                      
12545.168849                      
12008.818761                      
12034.584946                      
12110.596249                      
12170.497941                      
12251.326723                      
12321.043732                      
12389.560386                      
12466.655260                      
12598.570665                      
12686.774702                      
21008.296937                      
12785.279740                      
12948.686728                      
13071.956275                      
13241.312728                      
13469.008494                      
13759.266237                      
14201.260160                      
15412.738943                      
13648.267432                      
13805.592514                      
26116.321575                      
14024.527599                      
14361.533744                      
14971.992647                      
16743.665404                      
20434.067269                      
22982.651672                      
24460.058061                      
24929.035812                      