153384                      
178830                      
204075                      
229859                      
255738                      
281315                      
306433                      
332003                      
357500                      
383198                      
408675                      
153424                      
178916                      
204150                      
229990                      
255734                      
281236                      
306394                      
331800                      
357249                      
382815                      
408404                      
153386                      
178873                      
204128                      
229859                      
254834                      
278277                      
301081                      
321025                      
338116                      
354417                      
371069                      
153553                      
179057                      
204334                      
230168                      
255941                      
281493                      
306648                      
332072                      
357573                      
383170                      
408770                      
153418                      
178909                      
204167                      
229970                      
255732                      
281238                      
306394                      
331771                      
357245                      
382804                      
408412                      
153428                      
178892                      
204154                      
229960                      
255690                      
281216                      
306342                      
331742                      
357177                      
382622                      
406174                      
153385                      
178882                      
204117                      
229908                      
255665                      
281115                      
304659                      
327582                      
348944                      
369461                      
389558                      
