148351                      
172140                      
367055                      
195662                      
218065                      
241568                      
263891                      
284195                      
307026                      
326571                      
348218                      
149563                      
174160                      
397909                      
198942                      
224130                      
249138                      
274032                      
298615                      
323306                      
347992                      
373071                      
151032                      
175957                      
320408                      
199901                      
222685                      
241829                      
256874                      
271033                      
284189                      
297421                      
309490                      
151179                      
176191                      
402365                      
201117                      
226537                      
251934                      
277070                      
301987                      
326906                      
351839                      
377262                      
149529                      
174211                      
397860                      
198925                      
223988                      
249096                      
273926                      
298580                      
323362                      
347987                      
373026                      
150756                      
175580                      
386063                      
200522                      
225779                      
251091                      
276196                      
301005                      
325958                      
344484                      
364391                      
149230                      
173854                      
349869                      
198542                      
223346                      
246055                      
267231                      
286053                      
303377                      
320307                      
336287                      
