15574.468659                      
15633.464041                      
16533.052267                      
15732.804530                      
15794.189806                      
15871.309528                      
15978.392594                      
16078.132972                      
16160.181874                      
16282.938473                      
16416.631248                      
13836.553827                      
13915.807304                      
14788.480532                      
13973.788843                      
14016.472583                      
14123.331246                      
14182.548024                      
14260.678466                      
14377.694815                      
14507.684085                      
14635.943292                      
16328.149002                      
17129.642469                      
84922.700120                      
24299.330669                      
30103.940544                      
46678.832977                      
51415.051737                      
51075.618098                      
60430.556777                      
61836.800360                      
70442.048208                      
 2936.724016                      
 2943.254763                      
 3038.783194                      
 2949.989310                      
 2959.695326                      
 2968.027340                      
 2976.514960                      
 2984.348664                      
 2996.402636                      
 3015.517040                      
 3029.427825                      
13843.832969                      
13894.886086                      
14781.183079                      
13952.560010                      
14001.136222                      
14092.496467                      
14176.527602                      
14275.421997                      
14381.386805                      
14495.894962                      
14618.329553                      
14395.301016                      
14483.392186                      
29162.321953                      
14583.706526                      
14738.133307                      
14885.380201                      
15074.115845                      
15433.947941                      
16437.100792                      
23231.196514                      
25512.715737                      
15651.557998                      
15925.218862                      
57464.296637                      
16449.834292                      
21048.248010                      
28725.270773                      
32982.672295                      
37976.852192                      
39114.085774                      
39097.572017                      
47805.313616                      