15883.888048                      
16011.265053                      
36212.183250                      
16211.473048                      
16407.481146                      
16661.790300                      
17010.309297                      
17428.985072                      
18107.973617                      
19999.497624                      
25813.074894                      
13977.479269                      
14101.786114                      
32723.221049                      
14249.058018                      
14378.692859                      
14605.145514                      
14822.914110                      
15192.905854                      
16009.593208                      
19877.792308                      
24802.054775                      
23160.019248                      
31215.859719                      
47758.790965                      
45926.442135                      
47517.699970                      
49631.724021                      
47309.309084                      
46042.063495                      
45546.734740                      
44796.998043                      
47404.468713                      
 3375.121294                      
 3382.308427                      
 3476.925900                      
 3395.905723                      
 3401.834747                      
 3413.454663                      
 3421.704980                      
 3432.663836                      
 3445.328122                      
 3457.790437                      
 3467.297805                      
14006.714691                      
14111.142480                      
33676.908273                      
14232.002097                      
14356.708550                      
14574.925784                      
14811.351188                      
15238.090963                      
15881.035081                      
17659.648533                      
24261.918659                      
14787.559818                      
15056.608047                      
35583.263293                      
15609.184308                      
20832.799433                      
25481.360807                      
26041.169820                      
28550.011061                      
30914.016823                      
30998.849184                      
31638.322167                      
16301.393581                      
18793.756678                      
40236.778476                      
28734.606755                      
33701.433714                      
40378.905137                      
41195.039829                      
42362.328804                      
41122.632109                      
40420.340761                      
39553.602644                      
