153352                      
178783                      
401026                      
204026                      
229791                      
255689                      
281251                      
306337                      
331882                      
357302                      
381701                      
153392                      
178880                      
396020                      
204091                      
229937                      
255679                      
281163                      
306323                      
331693                      
356336                      
378241                      
152741                      
176075                      
329486                      
194330                      
212119                      
229829                      
246716                      
263863                      
280284                      
297406                      
312976                      
153553                      
179057                      
408770                      
204334                      
230168                      
255941                      
281493                      
306648                      
332072                      
357573                      
383170                      
153395                      
178874                      
396471                      
204121                      
229923                      
255673                      
281160                      
306301                      
331665                      
357075                      
380349                      
153382                      
178835                      
377165                      
204109                      
228507                      
249984                      
271546                      
293825                      
315050                      
336283                      
356877                      
153346                      
178767                      
347823                      
201452                      
222778                      
242149                      
260616                      
277825                      
295041                      
312594                      
330077                      
