16278.381796                      
16319.878450                      
16383.744287                      
16417.565550                      
16439.305760                      
16504.432194                      
16545.062967                      
16614.339323                      
16678.134566                      
16689.807991                      
16776.942660                      
14305.935829                      
14400.383028                      
14477.557849                      
14519.939416                      
14669.845630                      
14695.905726                      
14807.068213                      
14912.989049                      
15057.316458                      
15218.273397                      
15342.713052                      
16748.993022                      
17137.960765                      
18309.469835                      
30741.092768                      
30809.168522                      
40665.850904                      
49711.863999                      
51597.018201                      
54376.543682                      
66901.554486                      
69094.943371                      
3485.580950                      
3537.079719                      
3545.094888                      
3608.439324                      
3637.970492                      
3669.322441                      
3718.244877                      
3798.008016                      
3833.685685                      
3919.206572                      
3975.974639                      
14363.226330                      
14427.481896                      
14492.728653                      
14554.328778                      
14663.436075                      
14743.116641                      
14855.287235                      
14981.378435                      
15103.319517                      
15253.607969                      
15415.285750                      
14864.232080                      
14966.524491                      
15060.857186                      
15222.489539                      
15370.758795                      
15509.947677                      
15743.413988                      
16114.004054                      
17168.427916                      
22308.738650                      
23780.990765                      
16467.586417                      
16681.458349                      
17082.578085                      
21674.212137                      
24024.874976                      
23694.444684                      
30808.483028                      
36022.598669                      
41471.743530                      
48839.952420                      
48966.566114                      
