121777                      
138215                      
153829                      
167430                      
183510                      
198096                      
211382                      
225443                      
238143                      
248999                      
263569                      
130900                      
152208                      
174248                      
196420                      
218048                      
240067                      
261240                      
283177                      
305052                      
326595                      
348589                      
133568                      
155421                      
177775                      
198743                      
218334                      
236384                      
249646                      
262023                      
274668                      
285818                      
296403                      
133712                      
155759                      
177947                      
200490                      
222852                      
245189                      
267138                      
289410                      
311242                      
333641                      
355978                      
130588                      
151900                      
173833                      
195725                      
217504                      
239418                      
260675                      
282683                      
304231                      
325668                      
347716                      
129714                      
150752                      
172798                      
194526                      
215829                      
237945                      
258882                      
280683                      
302153                      
316193                      
336326                      
128187                      
149059                      
170584                      
192102                      
211759                      
231724                      
249675                      
267206                      
283121                      
296340                      
309955                      
