6.74517e-06
6.74517e-06
6.74517e-06
6.74517e-06
6.74517e-06
6.74517e-06
6.74517e-06
6.74517e-06
6.74517e-06
6.74517e-06
6.74517e-06
6.74517e-06
6.74517e-06
6.74517e-06
6.74517e-06
6.74517e-06
6.74517e-06
6.74517e-06
6.74517e-06
6.74517e-06
6.74517e-06
6.74517e-06
6.74517e-06
6.74517e-06
6.74517e-06
6.74517e-06
6.74517e-06
6.74517e-06
6.74517e-06
6.74517e-06
6.74517e-06
6.74517e-06
6.74517e-06
6.74517e-06
6.74517e-06
6.74517e-06
6.74517e-06
6.74517e-06
6.74517e-06
6.74517e-06
6.74517e-06
6.74517e-06
6.74517e-06
6.74517e-06
6.74517e-06
6.74517e-06
6.74517e-06
6.74517e-06
6.74517e-06
6.74517e-06
6.74517e-06
6.74517e-06
6.74517e-06
6.74517e-06
6.74517e-06
6.74517e-06
6.74517e-06
6.74517e-06
6.74517e-06
6.74517e-06
6.74517e-06
6.74517e-06
6.74517e-06
6.74517e-06
6.74517e-06
6.74517e-06
6.74517e-06
6.74517e-06
6.74517e-06
6.74517e-06
6.74517e-06
6.74517e-06
6.74517e-06
6.74517e-06
6.74517e-06
6.74517e-06
6.74517e-06
