1.81696e-05
1.81696e-05
1.81696e-05
1.81696e-05
1.81696e-05
1.81696e-05
1.81696e-05
1.81696e-05
1.81696e-05
1.81696e-05
1.81696e-05
1.81696e-05
1.81696e-05
1.81696e-05
1.81696e-05
1.81696e-05
1.81696e-05
1.81696e-05
1.81696e-05
1.81696e-05
1.81696e-05
1.81696e-05
1.81696e-05
1.81696e-05
1.81696e-05
1.81696e-05
1.81696e-05
1.81696e-05
1.81696e-05
1.81696e-05
1.81696e-05
1.81696e-05
1.81696e-05
1.81696e-05
1.81696e-05
1.81696e-05
1.81696e-05
1.81696e-05
1.81696e-05
1.81696e-05
1.81696e-05
1.81696e-05
1.81696e-05
1.81696e-05
1.81696e-05
1.81696e-05
1.81696e-05
1.81696e-05
1.81696e-05
1.81696e-05
1.81696e-05
1.81696e-05
1.81696e-05
1.81696e-05
1.81696e-05
1.81696e-05
1.81696e-05
1.81696e-05
1.81696e-05
1.81696e-05
1.81696e-05
1.81696e-05
1.81696e-05
1.81696e-05
1.81696e-05
1.81696e-05
1.81696e-05
1.81696e-05
1.81696e-05
1.81696e-05
1.81696e-05
1.81696e-05
1.81696e-05
1.81696e-05
1.81696e-05
1.81696e-05
1.81696e-05
