0.482823
0.482823
0.482823
0.482823
0.482823
0.482823
0.482823
0.482823
0.482823
0.482823
0.482823
0.482823
0.482823
0.482823
0.482823
0.482823
0.482823
0.482823
0.482823
0.482823
0.482823
0.482823
0.482823
0.482823
0.482823
0.482823
0.482823
0.482823
0.482823
0.482823
0.482823
0.482823
0.482823
0.482823
0.482823
0.482823
0.482823
0.482823
0.482823
0.482823
0.482823
0.482823
0.482823
0.482823
0.482823
0.482823
0.482823
0.482823
0.482823
0.482823
0.482823
0.482823
0.482823
0.482823
0.482823
0.482823
0.482823
0.482823
0.482823
0.482823
0.482823
0.482823
0.482823
0.482823
0.482823
0.482823
0.482823
0.482823
0.482823
0.482823
0.482823
0.482823
0.482823
0.482823
0.482823
0.482823
0.482823
