0.272475
0.272475
0.272475
0.272475
0.272475
0.272475
0.272475
0.272475
0.272475
0.272475
0.272475
0.272475
0.272475
0.272475
0.272475
0.272475
0.272475
0.272475
0.272475
0.272475
0.272475
0.272475
0.272475
0.272475
0.272475
0.272475
0.272475
0.272475
0.272475
0.272475
0.272475
0.272475
0.272475
0.272475
0.272475
0.272475
0.272475
0.272475
0.272475
0.272475
0.272475
0.272475
0.272475
0.272475
0.272475
0.272475
0.272475
0.272475
0.272475
0.272475
0.272475
0.272475
0.272475
0.272475
0.272475
0.272475
0.272475
0.272475
0.272475
0.272475
0.272475
0.272475
0.272475
0.272475
0.272475
0.272475
0.272475
0.272475
0.272475
0.272475
0.272475
0.272475
0.272475
0.272475
0.272475
0.272475
