9.98438e-06
9.98438e-06
9.98438e-06
9.98438e-06
9.98438e-06
9.98438e-06
9.98438e-06
9.98438e-06
9.98438e-06
9.98438e-06
9.98438e-06
9.98438e-06
9.98438e-06
9.98438e-06
9.98438e-06
9.98438e-06
9.98438e-06
9.98438e-06
9.98438e-06
9.98438e-06
9.98438e-06
9.98438e-06
9.98438e-06
9.98438e-06
9.98438e-06
9.98438e-06
9.98438e-06
9.98438e-06
9.98438e-06
9.98438e-06
9.98438e-06
9.98438e-06
9.98438e-06
9.98438e-06
9.98438e-06
9.98438e-06
9.98438e-06
9.98438e-06
9.98438e-06
9.98438e-06
9.98438e-06
9.98438e-06
9.98438e-06
9.98438e-06
9.98438e-06
9.98438e-06
9.98438e-06
9.98438e-06
9.98438e-06
9.98438e-06
9.98438e-06
9.98438e-06
9.98438e-06
9.98438e-06
9.98438e-06
9.98438e-06
9.98438e-06
9.98438e-06
9.98438e-06
9.98438e-06
9.98438e-06
9.98438e-06
9.98438e-06
9.98438e-06
9.98438e-06
9.98438e-06
9.98438e-06
9.98438e-06
9.98438e-06
9.98438e-06
9.98438e-06
9.98438e-06
9.98438e-06
9.98438e-06
9.98438e-06
9.98438e-06
9.98438e-06
