3.80656e-06
3.80656e-06
3.80656e-06
3.80656e-06
3.80656e-06
3.80656e-06
3.80656e-06
3.80656e-06
3.80656e-06
3.80656e-06
3.80656e-06
3.80656e-06
3.80656e-06
3.80656e-06
3.80656e-06
3.80656e-06
3.80656e-06
3.80656e-06
3.80656e-06
3.80656e-06
3.80656e-06
3.80656e-06
3.80656e-06
3.80656e-06
3.80656e-06
3.80656e-06
3.80656e-06
3.80656e-06
3.80656e-06
3.80656e-06
3.80656e-06
3.80656e-06
3.80656e-06
3.80656e-06
3.80656e-06
3.80656e-06
3.80656e-06
3.80656e-06
3.80656e-06
3.80656e-06
3.80656e-06
3.80656e-06
3.80656e-06
3.80656e-06
3.80656e-06
3.80656e-06
3.80656e-06
3.80656e-06
3.80656e-06
3.80656e-06
3.80656e-06
3.80656e-06
3.80656e-06
3.80656e-06
3.80656e-06
3.80656e-06
3.80656e-06
3.80656e-06
3.80656e-06
3.80656e-06
3.80656e-06
3.80656e-06
3.80656e-06
3.80656e-06
3.80656e-06
3.80656e-06
3.80656e-06
3.80656e-06
3.80656e-06
3.80656e-06
3.80656e-06
3.80656e-06
3.80656e-06
3.80656e-06
3.80656e-06
3.80656e-06
3.80656e-06
