141773                      
162713                      
183411                      
202763                      
221982                      
242586                      
257346                      
276063                      
289587                      
308838                      
321958                      
147101                      
171377                      
195634                      
220560                      
245071                      
269644                      
293733                      
318222                      
342479                      
367156                      
391542                      
148267                      
172828                      
196209                      
218668                      
239617                      
253915                      
267607                      
280532                      
293285                      
305277                      
316814                      
148718                      
173398                      
197865                      
222998                      
247872                      
272684                      
297104                      
321756                      
346248                      
371364                      
395976                      
146768                      
171075                      
195195                      
219960                      
244547                      
268952                      
293071                      
317660                      
341763                      
366329                      
390653                      
147670                      
172102                      
196433                      
221290                      
245985                      
270764                      
294896                      
319628                      
338283                      
359211                      
379948                      
144957                      
169054                      
192762                      
217164                      
238995                      
259572                      
278562                      
295729                      
312278                      
327774                      
340823                      
