15736.063990                      
15780.841113                      
15884.137265                      
15927.799944                      
15993.965727                      
16080.363253                      
16159.100977                      
16233.808949                      
16316.278010                      
16423.908327                      
16504.210176                      
13894.195145                      
13981.272283                      
14040.562990                      
14088.549601                      
14189.026853                      
14256.078385                      
14329.481196                      
14449.373393                      
14581.615223                      
14718.541982                      
14852.457718                      
16460.365422                      
17246.143565                      
24477.100948                      
29807.543856                      
40370.217889                      
52738.686175                      
52152.849141                      
60991.473344                      
61510.000511                      
70872.030975                      
77143.214946                      
3016.753184                      
3024.925316                      
3035.071892                      
3051.029606                      
3062.504034                      
3079.159393                      
3086.952717                      
3102.442534                      
3127.389906                      
3151.686755                      
3172.584955                      
13935.953341                      
13990.144673                      
14051.340967                      
14097.970085                      
14188.781707                      
14276.932315                      
14376.584514                      
14491.141472                      
14611.431021                      
14733.535974                      
14891.389545                      
14435.508228                      
14522.568012                      
14611.106586                      
14772.057029                      
14912.210094                      
15075.152162                      
15383.538603                      
16155.967249                      
24459.294437                      
25531.084794                      
25525.071852                      
15884.707189                      
16147.591894                      
16675.688154                      
21372.506493                      
29158.227160                      
31864.862158                      
37017.089553                      
38593.441969                      
39748.679062                      
48668.758047                      
58559.849247                      
